118
470
1058
1880
2938
5640
9048
13160
17978
23500
31876
40018
49373
60016
72027
85485
100470
117062
136451
158223
188419
223796
264992
312881
369518
434948
510829
598715
700378
817843
932030
1060234
1204307
1366074
1547561
1751012
1978917
2234035
2519423
2838466
3164486
3576218
4037824
4555314
5135145
5784493
6511334
7324529
8233919
9250434
10336273
11542911
12883260
14371571
15888036
17553517
19384308
21396162
23606293
26033499
28559670
31318341
35086364
39296987
43996797
49241204
55091765
61616866
67588035
74122183
79538264
83661289
89752749
94351379
97915971
102877230
108061802
113478932
116318408
122089981
128117891
134412689
140985308
146503051
153600751
161008892
168740096
176807491
191455502
200532065
223668681
253702161
299634728
363508221
447534128
554104799
685805270
845425758
1035974782
1251354682
1441057398
1645187412
1864595320
2100174854
2352865342
2623653854
2913576906
3223723100
3555235746
3909314772
4399086906
5042201650
5732663452
6473200084
7266675603
8256515167
9464137064
10759760406
12148413490
13635374713
13839905333
14047503913
14258216472
14472089719
14935196590
15413122881
15906342813
16415345783
16940636848
17482737227
18042184819
18619534733
19215359844
19830251359
20464819403
21119693624
21795523820
22492980582
23212755961
23955564151
